cfips,microbusiness_density
32510,87.19662461538462
56033,73.51041048717948
08105,60.942899346153844
41061,54.52295835897436
16021,46.730638
32017,40.1403510923077
19101,39.11265630769231
49043,35.87177043589744
36061,32.892037025641024
46099,32.26129548974359
47187,31.374661000000003
10005,30.527486769230766
37175,28.95653056410256
08097,27.567022307692305
24013,26.94252964102564
56039,26.337935358974356
08113,22.46104828205128
51610,22.2163758974359
40143,22.156203076923077
32003,21.968415846153846
17037,21.895550615384614
08111,21.696998
12001,21.545587107692306
12131,21.533258846153846
56019,21.465157128205128
51510,20.783385923076924
50003,20.48864851282051
13121,20.31514258974359
25019,20.18415687179487
06041,19.752623871794874
46127,19.63061492820513
48453,19.153445384615384
24031,19.069743692307693
08013,19.061820794871796
06075,18.477962076923077
12011,18.382556512820514
12087,18.343625102564104
26125,18.285737564102565
10003,18.231213564102564
12099,17.79279302564103
31163,17.75949350307692
49049,17.465023564102562
51043,17.291391553846154
08117,17.286355435897438
48171,17.227411999999998
06059,17.062767794871796
12086,16.50676376923077
08031,16.378688487179488
18137,15.769745666666667
48085,15.747737743589745
30067,15.685003846153846
08107,15.68216758974359
06033,15.507671333333333
12021,15.471146692307693
13067,15.296604538461539
08035,14.982997256410258
06111,14.970667102564102
16013,14.835643846153845
25007,14.819736153846153
08014,14.808170102564103
09001,14.733598846153846
32005,14.637770615384616
51013,14.590959153846155
13157,14.571690000000002
51107,14.511524820512822
34003,14.36635482051282
04013,14.339256282051283
06037,14.30896941025641
02068,14.241852205128206
17197,14.076306794871794
53055,14.071236230769232
12103,14.029768794871794
06073,14.010995564102563
12095,13.985576897435898
12115,13.95558058974359
49053,13.934098076923078
48491,13.900390717948717
53033,13.830478076923077
08091,13.738112205128205
08037,13.591994871794872
49019,13.516081358974358
11001,13.508988897435897
13113,13.492881538461539
12109,13.407250871794872
02060,13.398595666666665
56021,13.380343076923078
48259,13.330247615384614
08007,13.240608512820513
20091,13.093361435897435
51540,13.048235974358976
08069,12.908009587179487
13089,12.829131307692307
49051,12.817233076923078
37055,12.799583333333333
45019,12.74279817948718
18057,12.684715512820514
41017,12.63301682051282
30031,12.47455723076923
06057,12.463143564102564
17075,12.454104761538462
37183,12.440581102564103
17167,12.332591205128207
46107,12.278563574358975
15007,12.250596384615385
51059,12.221837410256411
24027,12.209933410256411
47037,12.166418
34027,12.060253282051281
12117,12.054704153846155
08051,12.050285794871794
48091,12.04124423076923
13057,11.954758538461538
06085,11.949761025641026
48397,11.941393641025641
15009,11.92879158974359
40013,11.904005948717948
16001,11.803243384615385
06081,11.760574487179486
06061,11.721934820512821
08049,11.708360846153846
13135,11.698560871794871
36059,11.683356615384616
48113,11.592816692307691
49035,11.491966384615385
35049,11.468556487179487
06055,11.444081
08005,11.40427017948718
06005,11.322806982051283
06079,11.318513307692307
08053,11.267539082051282
06087,11.248813769230768
06097,11.210966102564102
53073,11.202032517948718
25001,11.177984128205127
12061,11.168116
12057,11.153938307692309
37119,11.152038897435897
48157,11.058170451282052
31055,11.045280005128205
41051,10.975497307692308
13117,10.97062526923077
49009,10.965665394871795
19049,10.947132025641025
27053,10.883998512820511
37021,10.882009333333334
08059,10.837395794871794
34019,10.809599638461538
06001,10.734739256410256
48121,10.733532794871795
08067,10.71372994871795
36119,10.712937589743591
42091,10.696048307692308
53031,10.676797666666667
50027,10.636268607692308
17043,10.608033435897436
49029,10.593792164102563
28071,10.581565092307693
06083,10.5520763
41005,10.530041461538461
08045,10.509679487179486
12085,10.499801717948719
26055,10.454638974358973
25017,10.42567518205128
24047,10.31970058974359
06051,10.277190058974359
36103,10.259391617948719
48209,10.232133176923076
34025,10.174375692307693
47119,10.149173964102564
41027,10.140612769230769
50007,10.130819133333333
16055,10.122313479487179
08015,10.117074820512821
37129,10.091400323076922
33015,10.078895048717948
06017,9.95444563076923
17097,9.922759046153846
41067,9.911401564102565
25021,9.897389035897435
17049,9.88547415897436
12073,9.860910848717948
49025,9.780264625641026
36087,9.771923897435897
47031,9.739632120512821
32031,9.702557330769231
48339,9.669664492307692
08119,9.668269817948717
16017,9.651343225641025
04025,9.621055066666667
49033,9.614808941025641
42003,9.59562928205128
36047,9.573492961538461
39041,9.539705123076923
29213,9.500637753846153
30029,9.42520965897436
12127,9.392757741025642
49039,9.346690843589744
29189,9.34605731025641
13247,9.304378887179487
25025,9.276757123076923
37135,9.253393797435896
26081,9.232368802564103
34021,9.196778010256411
08027,9.193648235897436
12009,9.189733115384614
08041,9.188797015384615
51840,9.14658964871795
42021,9.069177946153847
16085,9.04629871025641
16081,9.043235753846153
51678,9.027762925641026
06013,8.998777361538462
55025,8.972610379487179
42029,8.963117184615385
23005,8.96043757948718
34017,8.958784761538462
12035,8.948664787179487
08079,8.945921866666666
27037,8.944009751282051
33011,8.87973047948718
30063,8.874483625641025
49005,8.873443453846154
55067,8.870987333333334
22019,8.861975002564103
17031,8.819638053846154
24041,8.80787673076923
51630,8.801244197435897
48201,8.789950782051282
13297,8.784972102564103
37179,8.768094958974359
34005,8.766335625641025
12071,8.719133841025641
12031,8.704054635897435
34035,8.703841046153846
08047,8.697507323076923
51683,8.68492767179487
35055,8.65801135897436
12081,8.657519558974359
25009,8.646760205128206
53011,8.642677207692307
27031,8.640952217948719
45045,8.485397476923078
49011,8.470338241025642
36113,8.400261697435898
48031,8.399012876923077
27019,8.373303053846154
13281,8.354361966666668
41029,8.352476587179487
27035,8.351172143589743
29029,8.341784107692307
49021,8.307589256410257
50025,8.290555405128206
53061,8.286520051282052
16019,8.278827641025641
44001,8.264874853846154
18011,8.243299271794871
42017,8.203906823076924
29161,8.143570946153845
44005,8.141084474358975
13219,8.126535097435898
51125,8.082564461538462
47155,8.049661320512822
55029,8.026963643589744
34039,8.022819920512822
23013,8.022275615384615
12045,8.018057002564102
51079,8.008966966666666
13097,8.00338665897436
48299,7.995630394871794
19113,7.9935002487179485
55133,7.9624892358974355
37097,7.95361457948718
17111,7.953212717948718
34013,7.9342400410256415
33003,7.9332787025641025
29095,7.894834041025642
09003,7.891695879487179
01003,7.889811161538462
37063,7.883776053846154
38101,7.867745871794871
51087,7.865799838461539
26161,7.8526929615384615
30045,7.834519458974359
15001,7.827459597435897
13085,7.818847664102564
36109,7.818082097435897
50015,7.816069607692309
48439,7.8044253435897435
47093,7.774263851282051
12091,7.766163307692307
23017,7.761935338461539
41039,7.747680417948718
23031,7.74489072051282
15005,7.735287154358975
21211,7.732313328205129
36111,7.728259274358974
48221,7.727237556410257
34023,7.723813653846153
35003,7.717734248717949
51061,7.694529930769231
51095,7.690038192307693
47165,7.666260376923076
26105,7.653879187179487
51810,7.6503159410256405
29183,7.645331433333333
39113,7.594955512820513
56023,7.5904797076923085
36027,7.562469607692308
45013,7.55725748974359
13151,7.519276089743589
02230,7.494625617948718
29165,7.493063553846154
09005,7.489783579487179
51760,7.477828692307692
40109,7.470253469230769
46081,7.4679396717948725
46073,7.467082033333333
08093,7.445031507692308
47105,7.442041117948718
22103,7.438420046153847
37113,7.405583764102564
01117,7.4032224
06043,7.393587551282051
28089,7.383135107692308
46083,7.382462176923077
17015,7.371467417948718
56035,7.33631838974359
22071,7.324352871794872
31075,7.317559715384616
24003,7.266064369230769
44009,7.265831053846155
24510,7.259753541025641
37025,7.253816312820513
36079,7.237279864102564
21067,7.228991802564103
12069,7.207831023076922
51830,7.196675774358975
06067,7.191779202564103
48265,7.1816886538461535
45051,7.167368335897436
48167,7.165408771794873
47141,7.154282246153846
12101,7.148465810256411
21215,7.147836007692308
12019,7.135802097435897
38043,7.131342971794872
19059,7.11535395128205
45091,7.082630741025641
26047,7.070247443589744
55089,7.068214728205128
37019,7.061564797435898
27163,7.058191512820513
50013,7.053393407692308
37081,7.036166756410257
12097,7.032893394871794
51041,7.027031417948717
06115,7.024507597435897
51077,7.004475907692308
51153,6.999463707692308
21111,6.99597297948718
34009,6.992475243589743
18039,6.990533553846155
06065,6.986491838461538
27139,6.968507305128205
24035,6.9616662128205125
39049,6.9583046512820514
53029,6.945520425641026
48367,6.927779702564103
24033,6.923416164102564
41033,6.913314866666667
34037,6.900648287179488
24021,6.8924056333333334
13227,6.889719407692308
09007,6.876585248717949
29019,6.871012076923077
36091,6.864332269230769
34029,6.839931384615384
36021,6.83167147948718
18051,6.823842397435898
13127,6.823618805128206
53035,6.821173320512821
34007,6.798868064102564
50019,6.7978820743589745
41015,6.795911330769231
46103,6.77996717948718
12015,6.760171023076923
51047,6.757480617948718
08109,6.755333871794871
18097,6.746815966666667
24005,6.722266202564102
29077,6.711492882051282
47189,6.701057110256411
39055,6.700750448717949
39061,6.670709471794871
50023,6.670393015384614
47065,6.670084346153846
51085,6.669103079487179
51103,6.665755084615385
02020,6.662983720512821
39035,6.656797843589743
30081,6.644822351282051
53007,6.644502638461538
46079,6.6335483435897435
39165,6.631905497435897
09009,6.615594102564103
13073,6.615066241025641
51179,6.6138071410256405
33001,6.60365818974359
30049,6.581485992307692
25023,6.575760617948718
08055,6.567015417948719
22055,6.564555771794872
27123,6.560957571794872
38017,6.559389151282052
13051,6.552815233333334
06109,6.537346153846154
04019,6.535117789743589
02220,6.526468764102564
51680,6.517060638461538
08123,6.5149519307692305
06089,6.508650530769231
33009,6.4970630128205125
30009,6.492584802564102
30097,6.491586864102564
39153,6.475450784615385
34041,6.470081656410256
13021,6.464806602564102
48029,6.45646848974359
51003,6.452213312820513
12089,6.445898425641025
26089,6.439972156410256
12033,6.4365846769230775
02100,6.4338597435897436
48373,6.4266195717948715
25015,6.425137569230769
47157,6.394858087179487
13111,6.385097533333333
01089,6.3795341974358974
53063,6.360505735897436
06007,6.355746543589744
13059,6.346570764102564
36055,6.332033243589744
41007,6.331314102564103
48021,6.331011323076924
06093,6.3274879
31109,6.324578741025641
37115,6.323638528205128
25003,6.309283266666667
21015,6.308396038461538
29510,6.306122394871795
06023,6.297313466666666
47149,6.2967279666666665
42071,6.294275561538462
21185,6.293704579487179
20011,6.284596769230769
48139,6.27613108974359
48155,6.2744838846153845
51157,6.260021976923077
01073,6.255027133333334
42045,6.244973579487179
06045,6.241535492307692
41071,6.2184203615384614
42103,6.207562115384615
21117,6.205156069230769
36097,6.201192958974358
53041,6.1826145666666665
33017,6.164830141025641
08039,6.1528723076923075
13029,6.1527593564102565
35001,6.146643076923077
48053,6.132303538461539
55127,6.126851141025641
08077,6.126188630769231
38021,6.124241274358974
32023,6.122363338461539
35027,6.122289392307692
25011,6.120186097435897
12005,6.119797851282051
36001,6.106331243589744
48425,6.1011153512820515
44003,6.096539853846154
53057,6.09214218974359
55131,6.0801327051282055
06071,6.0786642358974365
53067,6.0770493000000005
24017,6.076991005128205
08085,6.075231205128206
13241,6.075225894871795
26029,6.070050517948718
29043,6.069512794871795
27025,6.059589528205128
49057,6.049999064102564
41041,6.0454435153846156
05119,6.044609435897436
37067,6.040765687179487
08029,6.040175987179487
22033,6.035322751282051
51790,6.032831671794872
40017,6.028091910256411
26103,6.022838741025641
06009,6.020632
56029,6.010699379487179
35021,6.008005053846154
36071,6.005686641025641
17089,6.000437997435897
36085,5.996714225641026
04005,5.996081712820513
12111,5.993428674358975
48243,5.9877754
36081,5.977360143589744
27171,5.9704112512820515
47009,5.963554507692308
25027,5.95436127948718
48041,5.951930869230769
37189,5.9496256051282055
13139,5.944031664102564
26065,5.943337717948718
16051,5.939839384615385
13123,5.936343282051283
37149,5.9159121871794875
34031,5.908163071794871
48179,5.903201456410256
29047,5.884826217948718
45063,5.880070441025642
15003,5.868157664102564
33013,5.867081138461538
48019,5.866005530769231
49045,5.862449930769231
36029,5.846489007692308
13133,5.83350268974359
16065,5.831975361538462
51710,5.815288702564103
48007,5.811156397435897
53037,5.804519628205128
10001,5.795119597435898
37089,5.79208283076923
47021,5.790967894871795
48039,5.7821903307692315
05143,5.78161757948718
18019,5.780495864102564
35028,5.777162025641025
49055,5.769232158974359
42101,5.737084479487179
13291,5.734010630769231
26163,5.732986771794872
12037,5.7295553641025645
05015,5.729540292307692
13013,5.728703876923077
39057,5.724491241025641
42077,5.705395520512821
37105,5.704351102564103
27041,5.700275517948718
27077,5.697912361538461
36067,5.697228241025641
54037,5.696412048717948
17093,5.67168238974359
05007,5.667057082051282
08019,5.66642192051282
51177,5.6660664897435895
23009,5.665651969230769
48251,5.661398517948718
48183,5.6431649179487176
55109,5.637515123076923
19153,5.632596158974359
33005,5.620439312820513
37035,5.614051417948718
36093,5.595752846153847
18043,5.58811951025641
51660,5.585730556410256
36041,5.582731048717949
02130,5.573159856410256
06113,5.572544974358975
26139,5.568142107692307
51570,5.563505674358974
24009,5.554005512820512
55125,5.538353833333334
39063,5.537853258974359
02170,5.535377364102564
45057,5.5326695974358975
48423,5.5323049307692305
42069,5.526772451282051
53053,5.5228297794871795
12113,5.516369261538462
45079,5.512779256410257
16015,5.510161769230769
26093,5.506474051282051
39093,5.5015492743589745
20161,5.493814789743589
13077,5.491486197435898
02122,5.491310312820512
48181,5.486952882051282
20045,5.4825672051282055
30053,5.480055376923077
53051,5.475061151282052
37031,5.4713275435897435
40027,5.465410135897436
30057,5.463509169230769
51115,5.459577233333333
19103,5.446083238461538
13211,5.444987192307693
56025,5.442529833333333
39103,5.441684038461538
55009,5.435918782051282
51075,5.434156794871795
48257,5.428920333333333
30111,5.4172439410256406
06003,5.413846928205128
12017,5.403800633333334
27141,5.3958233
42041,5.354945812820513
37125,5.3543612666666665
24025,5.354013666666667
48319,5.349870628205129
29209,5.34959101025641
08001,5.343994694871795
18085,5.341404594871795
06053,5.335454405128205
49017,5.332692951282051
37071,5.3301861
29005,5.315134774358974
36069,5.310834282051282
18003,5.294203661538462
51063,5.282946453846154
21239,5.2664742
17019,5.260045269230769
16045,5.248934741025641
55035,5.2487406384615385
40085,5.246960015384615
35043,5.240071138461539
01125,5.238763341025641
51775,5.2376488948717945
50021,5.230561556410256
18105,5.222247246153846
41003,5.221607505128205
37011,5.221477984615385
49031,5.2181532102564105
51091,5.211690435897435
51550,5.209819838461538
12083,5.188298553846154
45035,5.176641017948718
23015,5.173173725641026
06027,5.171930138461539
48217,5.169953405128205
26077,5.168700571794872
48193,5.162873092307692
44007,5.158483782051282
37109,5.152707469230769
23023,5.149767887179487
02105,5.137726284615384
41063,5.137587661538461
51820,5.132520371794872
06095,5.1257856923076925
27003,5.123362971794871
51065,5.112286176923076
31153,5.109168743589744
12053,5.105667779487179
55079,5.10244562051282
56009,5.101021217948718
30037,5.08950008974359
37087,5.085248928205128
18013,5.077633276923077
22051,5.0767675871794875
39159,5.075739820512821
29031,5.071927958974358
17113,5.071828933333333
37053,5.066451069230769
53071,5.065126474358975
19163,5.064979823076923
48497,5.064662174358974
48303,5.058225876923077
50001,5.057758448717949
48477,5.052486556410257
55093,5.052355730769231
13223,5.045397946153846
26099,5.04502737948718
16083,5.032970623076923
45043,5.025464853846153
30107,5.023272079487179
06063,5.014086633333333
09013,5.010712738461538
54069,5.008550715384615
48309,5.008445702564102
37167,5.006344782051282
26009,5.004012061538461
47179,5.00206058974359
51730,4.989111817948718
41013,4.986014543589744
17177,4.979609371794872
12105,4.975944217948718
55085,4.971779697435898
48499,4.970744082051282
42089,4.969671184615385
53009,4.964613412820513
51520,4.9625471999999995
46093,4.947896864102565
23027,4.945858479487179
42011,4.94383281025641
04001,4.943027684615385
48015,4.942169556410256
42043,4.941149317948718
27017,4.935895135897436
42095,4.935404987179488
08061,4.933380502564102
31011,4.925578933333333
21113,4.918941176923077
35007,4.917134728205128
48329,4.911714774358974
24029,4.90893548974359
21145,4.905881728205128
51131,4.9053163794871795
13217,4.897522976923077
36039,4.889679546153846
53039,4.8833330461538464
17085,4.879741641025641
48051,4.8728558974358975
48149,4.871098448717949
38015,4.869159074358974
19013,4.851980123076923
27109,4.850259633333334
34001,4.844523730769231
16027,4.84322828974359
26019,4.834028046153846
08083,4.824562835897436
55113,4.816260043589744
36077,4.812033417948718
41047,4.811793448717949
48377,4.803063823076923
34015,4.80225788974359
20173,4.7942822564102565
39085,4.792047992307693
56001,4.7891945589743585
53049,4.786644566666666
35051,4.7818093051282045
29051,4.7804458128205125
53065,4.779599335897436
18127,4.772496656410256
19191,4.768762512820513
47147,4.76443521025641
48187,4.76073247948718
38007,4.749633569230769
01101,4.748174223076923
13015,4.747819856410256
05051,4.747299102564103
29097,4.744096876923076
48043,4.742508746153846
26021,4.735670541025641
31019,4.720245820512821
16057,4.71828997948718
25005,4.715815407692308
13045,4.712516643589743
02275,4.710716276923077
30061,4.6877531717948715
42019,4.685417323076924
06069,4.6797386076923075
51770,4.67868931025641
45073,4.675162599999999
12075,4.671823756410256
27137,4.668007474358975
48381,4.667451546153846
42027,4.662128164102564
05141,4.662103025641025
47163,4.643008851282051
32009,4.626793938461538
51145,4.618183597435897
20177,4.609611356410257
04015,4.605282074358974
51109,4.6007748410256415
32029,4.597851376923076
29037,4.59190391025641
42131,4.590753753846154
19169,4.583809912820513
18081,4.574330676923077
16043,4.556116217948718
27013,4.54566503076923
18063,4.545407446153845
31177,4.543138417948717
17147,4.54005778974359
38105,4.531659128205128
19061,4.519670892307692
09011,4.512451438461539
47103,4.509939748717948
51121,4.5019383794871795
04021,4.499438684615384
41065,4.499410533333333
23019,4.4990552692307695
21035,4.499005928205128
37043,4.491926015384615
48385,4.485689307692307
39009,4.4835559589743585
37173,4.481299861538462
27075,4.478100797435898
48473,4.4761664076923084
18141,4.4709723
47125,4.468659356410257
26045,4.4680409153846155
21037,4.461887543589744
19181,4.4552830666666665
16077,4.452055184615385
26143,4.44955002051282
36031,4.448660566666667
53005,4.446121382051282
26137,4.441309766666667
51113,4.438228566666666
36025,4.435596471794872
51720,4.433443948717949
45083,4.426684941025641
17133,4.409311423076923
48359,4.401622992307692
32011,4.401311792307693
37001,4.398903305128205
36105,4.3970504743589744
48315,4.382917030769231
50005,4.378515153846154
17077,4.376688028205128
41053,4.373849561538462
55003,4.372550371794873
08065,4.366903184615384
42117,4.361855292307693
51069,4.354694097435898
24037,4.352481446153846
21227,4.350778861538461
37099,4.350476774358975
17119,4.3484262846153845
49013,4.347894458974359
55139,4.342353197435897
08017,4.3416858564102565
27083,4.3356357333333335
39095,4.33299622051282
40087,4.3325874461538465
21073,4.3301198358974355
41057,4.327609405128205
50011,4.3216231512820515
48441,4.3160645
39017,4.313842317948718
42049,4.307014364102565
06099,4.305293325641025
05131,4.302580530769231
22017,4.301421594871795
37009,4.3009145
17143,4.299526507692308
51187,4.296260941025641
51057,4.290177556410256
53047,4.285429358974359
55087,4.283554474358975
18059,4.274331484615384
48143,4.272950633333333
16005,4.267864441025641
51127,4.265554689743589
12065,4.259155182051282
45015,4.257587156410257
01077,4.248761694871795
54035,4.243542415384615
36007,4.239678125641025
46047,4.23861318974359
17001,4.23824171025641
30089,4.233175915384615
26091,4.232314407692308
05055,4.2271308820512825
27009,4.225513974358975
04007,4.225077728205128
13063,4.22301831025641
18163,4.221752307692308
17201,4.219748202564102
45077,4.215022115384615
39151,4.210717017948718
39173,4.209939187179487
47011,4.207018587179487
30093,4.195201017948718
48375,4.187170164102564
30043,4.1790010641025646
39133,4.178293948717949
04023,4.177469105128205
47001,4.174911476923077
48281,4.1690152846153845
48451,4.160978951282051
26111,4.160129369230769
42125,4.160076753846154
16049,4.159235417948717
51119,4.15501622051282
48417,4.154319569230769
23011,4.148943346153846
18173,4.141718807692308
42013,4.141505205128205
46011,4.1391952846153846
20113,4.1348235461538465
55095,4.134459392307692
28073,4.1337762871794865
46075,4.1331902666666664
51019,4.132820423076923
46019,4.130425861538462
49023,4.125266212820513
31159,4.12513892051282
02090,4.119382279487179
20149,4.110452258974359
36083,4.101804769230769
20017,4.099038207692308
36107,4.095829564102565
28121,4.091396097435898
13187,4.091132835897436
37147,4.089866187179487
33019,4.086181984615385
13311,4.085560074358974
13225,4.081124638461539
05045,4.075362243589744
55117,4.06760342051282
42133,4.065444207692307
48337,4.062779135897436
06015,4.061355612820512
26049,4.055048635897436
30059,4.054901474358974
51161,4.047479864102564
20157,4.0406255794871795
50017,4.038401758974359
54061,4.0336049
13145,4.033114094871794
28033,4.026309302564103
55047,4.021133441025641
37101,4.014632948717948
41043,4.013073433333333
20015,4.012778546153846
26037,4.011508928205128
41009,4.0102009897435895
49003,4.009612017948718
51590,4.0022961666666665
19099,3.998443756410256
48097,3.992814494871795
37127,3.991357958974359
48035,3.9899522897435897
30039,3.9885025512820516
27169,3.984962523076923
19189,3.982741858974359
55059,3.981780610256411
27111,3.9670848846153843
25013,3.9589861230769228
13215,3.956380915384615
46033,3.9563536769230767
26097,3.9517232076923077
56041,3.946930053846154
48231,3.9454354564102565
28081,3.9440942512820514
02110,3.9406750948717946
37141,3.9399930974358974
16009,3.9387445153846157
51800,3.9350917820512823
05105,3.9297052692307695
40119,3.9240246923076927
39089,3.922039292307692
13275,3.918303164102564
36063,3.9034814487179483
55111,3.9002774666666666
27095,3.900171815384615
55101,3.892629223076923
01081,3.891421423076923
18157,3.885965638461539
20209,3.883027835897436
40123,3.881057197435897
24023,3.8662665256410254
51650,3.8645130256410254
01097,3.848591130769231
13313,3.8464320794871796
48027,3.8462543282051285
56011,3.8452508871794873
30099,3.844328892307692
26061,3.8418734333333338
47043,3.8404776564102563
51093,3.8401059948717946
46119,3.835592541025641
17063,3.832097517948718
30001,3.8309732717948717
19027,3.8206607435897433
38035,3.8155580179487183
29071,3.806158312820513
18089,3.8056363974358973
02282,3.7985281615384614
05031,3.797338158974359
17163,3.7971689076923076
06019,3.7945466461538464
55099,3.7935537410256415
55129,3.7915875743589744
08071,3.791404628205128
08033,3.790161071794872
24015,3.787792435897436
48037,3.786603507692308
31155,3.7821888589743593
46077,3.7804484256410253
51099,3.779372274358974
41019,3.775988164102564
13185,3.7746803153846153
30095,3.772336541025641
30047,3.767452264102564
24043,3.766066164102564
51530,3.7615104128205124
51620,3.7610491025641024
16025,3.7582139230769234
02240,3.7560763410256413
13255,3.755542782051282
06077,3.7552530358974363
13119,3.754006833333334
39043,3.7463417333333333
27121,3.744662546153846
45055,3.7379125512820517
08043,3.7359840717948716
09015,3.7290234435897434
22005,3.728594969230769
27147,3.7257800769230767
48213,3.7238025923076927
48147,3.723597853846154
23001,3.720958835897436
16037,3.7201219025641024
20077,3.7185486871794873
18031,3.717788866666667
48379,3.71485741025641
55007,3.7145894897435894
37069,3.7139017307692304
51735,3.713427192307692
28047,3.7107233974358973
55105,3.7102115897435897
42081,3.705490905128205
48435,3.7029238641025644
47113,3.7013581666666666
39045,3.7011915717948716
28049,3.6991414410256414
30013,3.6913800538461534
27145,3.690853876923077
51171,3.687048028205128
55123,3.686834907692308
48287,3.6838751615384613
38033,3.683035715384615
55073,3.680678364102564
13245,3.67790841025641
19121,3.6775760025641024
21059,3.673825358974359
04017,3.672941715384615
37059,3.668878571794872
26147,3.667651376923077
40145,3.665602212820513
51700,3.6613956205128204
31049,3.66110191025641
51033,3.6590647846153845
22105,3.658335035897436
27049,3.6581516333333335
12107,3.6574407512820515
16069,3.6540935384615385
13285,3.6475568717948716
06105,3.6473980153846153
27085,3.644079123076923
48185,3.643768687179487
27027,3.641812264102564
20191,3.6379288153846154
42001,3.634079223076923
37005,3.6299230282051282
36123,3.628491046153846
42129,3.625437066666666
51137,3.624791128205128
19151,3.62387728974359
55011,3.623185592307692
06101,3.61447358974359
22089,3.612239648717949
16059,3.6116297461538465
27131,3.6109079025641027
48011,3.610131556410256
39123,3.6076548153846155
37049,3.605715015384615
12129,3.602481505128205
51199,3.6003061615384615
13237,3.599796397435897
19051,3.594558312820513
29229,3.5744638743589747
27067,3.5677469384615383
20121,3.5646533641025644
39099,3.563097443589743
35017,3.5620292205128203
39075,3.5618888897435896
28003,3.5584743384615387
55031,3.5577037025641025
39109,3.5528271589743587
04003,3.5524940384615387
06091,3.5503492512820514
20123,3.549144687179487
38097,3.548993728205128
31145,3.540364725641026
23029,3.539642764102564
17161,3.536965371794872
46029,3.536093115384616
42127,3.5252499564102564
19139,3.519070497435898
55091,3.5184502717948716
21209,3.518385535897436
56017,3.517935656410256
20049,3.5141215153846153
45003,3.513902012820513
41035,3.513635758974359
36117,3.5108655487179488
54093,3.510202976923077
26165,3.5093767948717947
30027,3.5074806666666665
41031,3.5070747230769226
40047,3.5066875076923076
36065,3.506483435897436
37037,3.5047333846153848
48055,3.501829161538462
37039,3.5007666307692307
12055,3.4996234435897438
23007,3.4978082051282056
48355,3.497433143589743
24045,3.495854435897436
38053,3.4913534512820514
36037,3.4913282025641026
16079,3.490740348717949
12121,3.488207346153846
31025,3.4821069923076924
20051,3.4808499102564108
19167,3.476264561538462
12023,3.4693720435897433
27103,3.4628134564102564
19183,3.4619123435897436
42079,3.460869553846154
19011,3.4510024179487178
55055,3.448419002564102
13153,3.444114446153846
56031,3.4438181871794873
37199,3.4435672
06029,3.4386115000000004
31021,3.434691074358974
54039,3.434338682051282
18099,3.43338047948718
01069,3.4313107692307696
48059,3.428803946153846
21049,3.413446925641026
22073,3.4110635974358976
49041,3.4070022307692307
48071,3.4053702666666665
48159,3.4041037487179486
46065,3.400889556410256
39083,3.400253656410256
55141,3.3998479410256413
39025,3.397795094871795
48125,3.395362579487179
37041,3.394206312820513
34033,3.393470558974359
37051,3.393041861538461
27149,3.391467584615385
16041,3.3878179256410257
38089,3.3871219102564103
55083,3.3867850410256413
27167,3.384501033333333
54033,3.3840773256410253
55021,3.3828504153846155
32019,3.381957564102564
01123,3.380042994871795
36053,3.37885711025641
26159,3.378187823076923
40147,3.3779935461538466
29153,3.374018843589744
21151,3.362082969230769
16011,3.3585158
19033,3.3551964435897434
35057,3.354140346153846
48467,3.351819907692308
06039,3.3512041666666668
29049,3.3490309051282052
53045,3.348259551282051
54003,3.3473278871794876
51073,3.344736302564103
08057,3.343379294871795
21205,3.341995305128205
20079,3.3355239076923078
53075,3.3342600487179483
13159,3.3301156051282055
53017,3.3299179538461536
20107,3.3283244871794873
39051,3.326872505128205
47047,3.3244670846153848
20019,3.321013071794872
27135,3.3209822538461538
46111,3.3182890435897434
27161,3.3177406205128204
37159,3.3136746846153846
08125,3.313447051282051
46063,3.3080977487179486
48485,3.305862
30055,3.3031598435897433
31181,3.302189874358974
27005,3.3018199538461537
08101,3.300002364102564
29025,3.295547176923077
31065,3.2948663153846156
29091,3.2936416538461537
27093,3.2930414512820514
05125,3.2929991461538464
29021,3.2925765256410253
02198,3.2922410358974363
47035,3.2917911666666666
22015,3.290932612820513
32001,3.2873964846153845
36101,3.2809722487179487
18037,3.280739723076923
21093,3.2714544974358977
53043,3.2696225076923078
48223,3.2648981333333333
20117,3.261705828205128
35013,3.261317207692308
13031,3.260815843589744
27015,3.257652902564103
48211,3.256714966666667
36013,3.2563349205128205
55063,3.2554831230769232
48503,3.255303184615385
29105,3.2498594384615385
39139,3.248692666666667
22075,3.2470897128205127
36115,3.243441687179487
23021,3.242037628205128
22063,3.241999441025641
45041,3.2414068794871795
27001,3.239341223076923
19157,3.2388932153846155
36017,3.2250900641025644
53027,3.2227364128205127
48089,3.221637535897436
48005,3.2211053512820516
53015,3.2181944897435897
20127,3.216549164102564
21005,3.2149908846153843
41011,3.213816482051282
19041,3.2137766666666665
36015,3.213646128205128
42073,3.212242976923077
19119,3.2110525974358977
05005,3.2089817000000003
13103,3.208664830769231
13035,3.205427082051282
37171,3.2046520051282052
12119,3.2032139461538462
17115,3.201137682051282
21199,3.2002087743589747
51740,3.1956578512820513
28035,3.193840148717949
06103,3.1891367974358977
26003,3.1867820846153845
48471,3.1856292384615386
39157,3.184746048717949
20169,3.1817410641025643
17099,3.1800041615384615
48133,3.1753713846153846
18005,3.1728806666666665
21019,3.172304553846154
31071,3.1713663487179486
47099,3.1699616923076923
56013,3.169369141025641
27007,3.166331676923077
01001,3.1645350564102563
17007,3.1631731999999997
13137,3.1482921307692306
13095,3.1460353282051283
51139,3.144909653846154
53069,3.1374801666666667
26075,3.1370442153846154
51191,3.135826905128205
26005,3.1348854333333334
19017,3.1316678717948716
13039,3.129847928205128
42075,3.1278091666666663
17067,3.127541128205128
36005,3.1274498025641027
48245,3.127271466666667
42099,3.122303184615385
23003,3.121197
36045,3.121067394871795
56037,3.119992523076923
56003,3.119616887179487
35053,3.119598282051282
29059,3.1157264743589743
32027,3.111626735897436
19095,3.111096474358974
29115,3.1098734128205128
17141,3.1096819025641023
31029,3.109561923076923
08103,3.1051379487179487
26087,3.1047359384615385
08023,3.1040804512820515
48449,3.104059458974359
54065,3.1032040205128206
31175,3.100808153846154
17179,3.0991648666666665
18007,3.097296230769231
37121,3.0965547230769235
05009,3.0961875820512823
27059,3.0938760974358974
26145,3.090837348717949
48081,3.090315612820513
29055,3.0837293
49007,3.0795236435897433
47005,3.074851930769231
48285,3.0742502230769233
16003,3.073984494871795
26101,3.0719087282051283
40021,3.0672238897435897
16031,3.064852671794872
41021,3.0628337666666665
48419,3.0582987512820514
18091,3.057046317948718
48093,3.056391053846154
29099,3.054132276923077
20065,3.0537206974358972
17029,3.052962225641026
13115,3.0494941128205126
39167,3.0394215743589745
30069,3.03648908974359
37133,3.0363375384615385
49027,3.0361095205128206
21083,3.0321320333333333
39005,3.0307423846153845
41001,3.02941498974359
26067,3.027963587179487
39073,3.024968433333333
19037,3.0241089974358975
53021,3.023770446153846
31081,3.0198567384615385
16075,3.017636894871795
47055,3.014623251282051
18067,3.013312256410256
13231,3.0117822897435897
21191,3.0103117974358975
37161,3.0079304794871793
18181,3.0051404384615386
32007,2.9983168846153845
20181,2.9978036128205128
27159,2.9952592307692307
20159,2.9886086615384615
18151,2.987515817948718
19057,2.9837114435897436
19091,2.9817502820512822
31053,2.9813788923076925
48331,2.9798189871794873
27091,2.978192982051282
39091,2.977782328205128
46035,2.976214835897436
36099,2.9729314948717946
36051,2.9722175025641024
21167,2.9689086025641025
30075,2.966951664102564
36057,2.955460317948718
55061,2.9552016333333335
17091,2.954720533333333
39027,2.954110871794872
51670,2.9490472846153843
02195,2.9479023615384614
19125,2.946981728205128
31035,2.9451089025641024
37045,2.9435016666666667
08003,2.9431365589743588
45037,2.9324776512820514
17199,2.932266835897436
46053,2.931898812820513
41059,2.931400605128205
40083,2.9312643615384615
40073,2.930883658974359
48199,2.926446171794872
40091,2.9252543461538463
51133,2.9221454282051282
42007,2.921271476923077
18133,2.9210085
38059,2.9186602435897435
01051,2.9186033820512822
26079,2.9183127256410257
36095,2.9180538076923077
26025,2.9140475666666665
29141,2.913647230769231
19149,2.9123866179487177
53077,2.91134401025641
24011,2.9107088615384615
29113,2.9093889641025643
16071,2.905584558974359
56043,2.9048943153846154
51595,2.9041147589743592
55005,2.90098
48119,2.8974956025641028
26121,2.896945656410256
01115,2.8964724
05085,2.896070328205128
53025,2.8959327666666668
27097,2.8958434333333334
48277,2.8945003641025644
02150,2.8944528615384613
37111,2.8907771897435897
01083,2.8904257153846156
48141,2.8886213846153845
31033,2.8883321102564103
13143,2.887885156410256
21157,2.887499020512821
19165,2.8857903743589746
41069,2.8819345846153843
48371,2.8782673871794873
18179,2.877317317948718
41055,2.875959615384615
54029,2.8736691666666667
42037,2.873482969230769
48333,2.8720292153846154
30041,2.871393635897436
27069,2.869728417948718
54011,2.868090623076923
49047,2.8671093282051285
39169,2.8647822256410254
20059,2.8632662897435894
18073,2.860765330769231
01103,2.860375676923077
31031,2.8595509282051284
45007,2.8586252435897435
08095,2.858225869230769
21039,2.8557866384615385
46027,2.853376905128205
30007,2.851920530769231
40131,2.850668241025641
16007,2.8471952897435897
19053,2.8470644871794875
47089,2.842437905128205
37151,2.8416862333333333
48469,2.841131830769231
18029,2.8323374974358977
37013,2.8274965384615385
31103,2.8227804256410254
47117,2.821647846153846
48493,2.818215517948718
48063,2.8152491974358975
18095,2.813374253846154
19155,2.812952074358974
42055,2.8122437743589743
46013,2.8120092923076925
31089,2.8115890384615385
40037,2.806655135897436
18183,2.8046366948717947
55017,2.803247376923077
21079,2.803040635897436
19129,2.8012811230769232
53003,2.7998915076923074
20155,2.7991737717948717
19097,2.7935635
26115,2.792884574358974
24019,2.7927038820512817
28105,2.7920039282051285
26043,2.7915719205128204
48289,2.786644074358974
55071,2.7829916153846157
49001,2.7822820256410257
34011,2.781234117948718
22079,2.7752668487179486
38093,2.775254458974359
19193,2.772082643589744
46061,2.7718310384615386
31119,2.7711824230769233
55033,2.768418341025641
18167,2.768313558974359
17195,2.7671793692307696
51005,2.7668367025641025
54025,2.7665169435897434
29001,2.766034430769231
26155,2.7630254974358976
18035,2.757792792307692
36011,2.7569145692307693
13047,2.7568027564102566
47159,2.755862548717949
01015,2.754940064102564
46015,2.750109674358974
36023,2.7473381076923076
18109,2.746169764102564
55081,2.7456210461538464
47081,2.744249182051282
39003,2.7442459871794873
42119,2.7432609256410254
50009,2.7427026153846152
13257,2.741923153846154
31149,2.7415583435897437
01111,2.74133041025641
22087,2.7386270794871796
27061,2.738173451282051
18069,2.7363724333333335
30019,2.736236097435897
47185,2.7358169025641024
48483,2.7350626128205127
55135,2.734840987179487
26073,2.7346258615384618
28109,2.7343748948717947
21179,2.732155182051282
53059,2.7307834846153844
40043,2.7303225461538463
05145,2.7281116358974358
27045,2.7264965871794873
42093,2.7230067384615384
40117,2.722919361538462
18033,2.721223328205128
45053,2.721093379487179
46051,2.720969864102564
55049,2.720739276923077
02164,2.7170646871794872
26119,2.711381592307692
21103,2.7082670743589747
48267,2.7078621384615387
41037,2.7058676743589745
48349,2.7034379025641027
51017,2.700923202564103
51193,2.7005230333333334
31039,2.697988123076923
13179,2.696552387179487
48479,2.6953407897435895
40039,2.6936288512820514
29219,2.6923830615384614
45047,2.690721876923077
40093,2.6874482025641027
20111,2.6834781461538464
39135,2.678546725641026
30033,2.672878569230769
48429,2.672460441025641
51067,2.6722465128205126
48083,2.668398358974359
40041,2.6671684307692307
46135,2.6669896307692307
26149,2.665738328205128
54071,2.6653990564102563
29205,2.6651613461538464
42025,2.6585827076923074
30065,2.6579430512820514
26127,2.655748664102564
29039,2.6536064102564105
36019,2.652731212820513
48269,2.652479876923077
21017,2.6510306076923076
48135,2.650449923076923
29167,2.648650866666667
47041,2.6485439743589745
55097,2.647291392307692
38061,2.646991407692308
40019,2.644648394871795
48455,2.6444618717948716
22061,2.644451507692308
48363,2.644431251282051
18177,2.6440859102564103
55051,2.6432461076923075
29103,2.641922371794872
13129,2.640706774358974
13177,2.6372487615384617
51750,2.636519353846154
48347,2.6353755923076925
26017,2.634768382051282
31169,2.6333143615384618
22095,2.6319407102564103
30021,2.6302220384615387
29073,2.6299514538461537
48111,2.6295896897435895
27021,2.6292866974358975
27047,2.627420751282051
13295,2.6247255743589744
47015,2.6224149512820514
36009,2.6223202794871794
55103,2.621916287179487
01095,2.6186494974358974
05115,2.615034674358974
19021,2.6140998666666664
17041,2.6136363564102565
31157,2.6102098923076924
18041,2.609375241025641
31139,2.608861051282051
19105,2.606683287179487
17203,2.606398117948718
33007,2.605901012820513
19043,2.6033714282051283
51147,2.6030231923076923
48409,2.5976338923076923
39129,2.5971238948717947
55045,2.596777758974359
13043,2.595883558974359
20129,2.5957962256410254
01067,2.59394058974359
37195,2.5932881256410254
27055,2.5910712846153845
37027,2.5884555435897436
40151,2.5878936974358973
48369,2.5865734846153847
35039,2.5860171974358974
19015,2.5855502153846155
40097,2.5832003410256412
08063,2.583054423076923
56005,2.5817275
55039,2.581350112820513
29201,2.5797337692307694
26023,2.577897046153846
27129,2.5771860666666666
48307,2.576374205128205
13147,2.5749807000000002
47177,2.5710924717948718
48325,2.5710102794871794
51023,2.568024633333333
27157,2.5671560512820513
41023,2.566441476923077
51001,2.565237153846154
08073,2.5594735
37085,2.557121223076923
54075,2.5561304
48313,2.5560301384615385
30017,2.5552937743589745
47133,2.554085305128205
39155,2.5499250128205126
20037,2.5494666923076923
49015,2.5471791205128205
26063,2.5425412051282055
19083,2.5412878897435895
48481,2.541077187179487
54019,2.536222664102564
20023,2.534887958974359
17139,2.531399012820513
01043,2.528153023076923
16087,2.527771346153846
29159,2.5274249461538463
47101,2.526707217948718
12093,2.5215867897435897
40101,2.51976298974359
38077,2.5193028692307693
31111,2.5163277641025643
17103,2.5154708692307692
26123,2.5146363025641025
26015,2.5120449641025644
48203,2.5119246435897438
39011,2.5102857717948717
16067,2.5077800923076925
20167,2.5073994076923074
05089,2.5058759
20147,2.5043878358974356
05019,2.502899653846154
39021,2.50241871025641
47153,2.501657792307692
47063,2.499939728205128
39107,2.4995693564102566
05135,2.4980399743589743
47071,2.4975619615384614
06021,2.4973564743589742
26109,2.494651230769231
19005,2.4939310076923076
40081,2.492940494871795
31105,2.4918286615384617
29225,2.491734046153846
18117,2.4913354615384615
19085,2.4912242384615384
20131,2.4898208615384614
29101,2.4841305384615384
48129,2.483884153846154
48177,2.4834756871794874
53019,2.4830825743589746
28059,2.4825727025641027
54079,2.4790921333333333
55027,2.478692087179487
39023,2.478246958974359
53013,2.476045574358974
21021,2.472264392307692
20103,2.47150721025641
26041,2.470842823076923
20183,2.4696246769230767
19001,2.468495446153846
40035,2.4673533384615385
31017,2.460764374358974
05023,2.4590461820512823
20097,2.458618023076923
48459,2.4508573
30083,2.4508343666666668
29107,2.449978169230769
48073,2.4473233333333333
18071,2.4466918589743587
55013,2.4443831
18143,2.443737079487179
31079,2.4428154692307693
17095,2.4417835564102566
13207,2.440187017948718
45065,2.4396188897435898
22109,2.4393520333333334
48045,2.434947735897436
30025,2.4347182615384613
47061,2.4310751153846155
31001,2.4275317769230766
55075,2.4265266102564103
31113,2.4247252
27117,2.423996441025641
42085,2.4222104974358976
02290,2.421998476923077
29083,2.41886151025641
54103,2.4158530256410256
26107,2.4127733435897434
51007,2.4084156615384615
37095,2.407612243589744
05033,2.405826923076923
36075,2.4050191025641023
20199,2.40449258974359
55069,2.4042285794871794
37137,2.404117628205128
28045,2.4032519384615383
36043,2.402032441025641
17005,2.3972261846153846
40125,2.396115417948718
17105,2.395297876923077
04012,2.3950471435897436
01055,2.39473748974359
31095,2.392062453846154
38091,2.391652671794872
40071,2.3915667512820513
19069,2.3908119564102566
19075,2.3906136974358976
22121,2.3905139179487183
18175,2.388386105128205
19019,2.3879236948717946
06107,2.387249905128205
19185,2.386895861538462
26069,2.385283492307692
06049,2.384079151282051
37075,2.381981958974359
27155,2.381975317948718
48215,2.3801451846153845
46087,2.37993711025641
29127,2.375851558974359
51036,2.3733744512820514
20007,2.3689315435897433
23025,2.3662122974358972
26027,2.364417112820513
37169,2.3637192846153843
51101,2.363246394871795
32013,2.3628702512820516
19195,2.360325274358974
48317,2.35693318974359
21027,2.356280728205128
39029,2.3560642564102565
21163,2.356009671794872
29175,2.354220058974359
46101,2.353348530769231
36035,2.3527259974358974
05101,2.350936158974359
29057,2.3486512794871794
13083,2.3483609435897437
19089,2.3451576692307694
20115,2.344022105128205
39039,2.342687441025641
47053,2.3413128282051283
16035,2.3406624384615387
01113,2.340078282051282
27051,2.3330363025641025
46117,2.332226166666667
06035,2.3318987743589745
29199,2.3306298794871796
46129,2.3304791256410256
19031,2.3297888794871793
42047,2.3292200923076924
27039,2.328160112820513
37093,2.327629982051282
19141,2.326000851282051
19177,2.325312823076923
47051,2.3251146615384615
31013,2.3245316307692305
13195,2.3244862102564103
40137,2.3224640333333335
37193,2.322385335897436
20151,2.3213406666666665
12039,2.3210693205128203
56007,2.318524894871795
48235,2.3138090051282054
48101,2.3134415871794873
47079,2.310434271794872
22107,2.30910548974359
46125,2.3063038794871793
20193,2.305338687179487
17129,2.3050281769230767
55121,2.301836035897436
29061,2.300422487179487
21029,2.3004085076923073
01033,2.2975046435897437
28145,2.2974314282051282
20171,2.296122887179487
46057,2.295758958974359
27107,2.29455288974359
42063,2.291350730769231
48361,2.2906989256410255
36073,2.290633346153846
18061,2.2895769846153846
08115,2.2865074820512823
19127,2.2857808256410257
47087,2.285758935897436
20143,2.2848498435897437
39087,2.283597194871795
31059,2.281872305128205
38067,2.2782991717948717
55077,2.275705335897436
13233,2.27567791025641
48321,2.2741877076923074
27115,2.2713503974358975
31041,2.2705995153846152
28087,2.270558338461538
26007,2.270492087179487
19055,2.267522805128205
48061,2.2653929461538462
12041,2.264380153846154
36033,2.2640702282051284
17027,2.2607635205128207
39077,2.2577548615384617
17155,2.2570320666666666
30079,2.2559232743589743
26031,2.2554555743589746
19067,2.254468164102564
17011,2.2531853384615386
13009,2.252901487179487
37197,2.2528027692307693
39119,2.2526456794871796
29023,2.2518854
51097,2.251363982051282
18135,2.2489154666666664
13299,2.2472212743589743
26151,2.2461800974358974
29203,2.2432807589743593
31027,2.2422703384615383
31047,2.241892676923077
42087,2.2412506333333333
39069,2.240298417948718
20087,2.240211605128205
38003,2.2398573615384616
47003,2.2397660333333334
17081,2.2388830256410257
31045,2.237009112820513
19003,2.2361957025641024
20133,2.2342446564102563
20139,2.233626282051282
47107,2.2336242564102564
54031,2.2311843974358974
47171,2.2295965282051284
31127,2.2289551025641026
01049,2.228279112820513
28149,2.227338705128205
26059,2.227117823076923
54107,2.2254353743589745
47139,2.222828766666667
42015,2.2225030692307692
26035,2.2203785692307694
55023,2.2160830897435897
39175,2.2142210282051282
51089,2.213717405128205
51011,2.2132346025641025
19079,2.2128487
48463,2.212772353846154
28075,2.212493169230769
29013,2.2122582846153844
37139,2.212166582051282
20061,2.211630946153846
13319,2.2112940794871796
20125,2.2101704846153845
16039,2.208713546153846
29217,2.208019058974359
48255,2.207111569230769
40031,2.205073782051282
40049,2.2042794384615383
20101,2.2001048
27127,2.1981456974358977
20031,2.197081425641026
13087,2.1969475000000003
47033,2.19674781025641
26117,2.1963666564102566
37029,2.193486582051282
51117,2.1932892794871797
48161,2.191407658974359
38027,2.1887396743589744
20063,2.1881678051282054
48399,2.1867020564102564
31185,2.184709453846154
30077,2.1833001102564102
29027,2.1825638871794872
38031,2.182457123076923
18147,2.181859676923077
13289,2.181283033333333
48431,2.180544494871795
19161,2.1803375000000003
39097,2.1803099743589742
35035,2.1785070307692305
27057,2.1777993
31133,2.1764267256410257
13181,2.1728283794871794
17189,2.1727817948717947
39007,2.1717404794871795
04027,2.1697350153846156
08081,2.1678524564102566
40051,2.1647745487179484
18093,2.164284566666667
16023,2.162152376923077
48365,2.1620446974358978
26053,2.1604966205128204
47085,2.15973508974359
48291,2.1594967871794872
48225,2.1576577846153846
18119,2.1573803615384617
30073,2.154274464102564
17055,2.1538549897435897
13191,2.151665243589744
17117,2.151644353846154
48013,2.150850164102564
47161,2.1475698538461536
05137,2.146558471794872
47183,2.1443599769230772
48099,2.144283441025641
18083,2.1439533487179485
39171,2.1438692410256412
42009,2.141710071794872
36049,2.1399665256410256
08087,2.1395943820512824
47145,2.1375820205128204
51015,2.137382946153846
28001,2.137306658974359
12051,2.1370905923076924
46067,2.1362108974358973
47059,2.135329382051282
17053,2.134412258974359
05049,2.134307605128205
54083,2.134241082051282
05029,2.13311758974359
51141,2.132349605128205
18001,2.1313143692307692
46115,2.129351423076923
21081,2.1292478282051284
05071,2.1291088846153845
48049,2.1264564717948717
17033,2.1260990435897438
29139,2.124408717948718
37023,2.122954064102564
35061,2.122812328205128
19187,2.1227117256410257
18107,2.121057087179487
13175,2.1175692384615385
40103,2.1167249256410257
42031,2.116043205128205
18145,2.114667123076923
55137,2.1134366794871795
54081,2.1115082230769233
37145,2.1112190512820512
19029,2.1103922435897435
47135,2.110279274358974
19073,2.108820782051282
48237,2.1073789333333335
19137,2.1043944307692306
38011,2.103259874358974
40111,2.1021497153846154
20185,2.100153051282051
05097,2.0997447897435895
31101,2.0984157897435898
21173,2.095764841025641
31141,2.094641602564103
31003,2.0917982538461537
48241,2.0916532974358977
22045,2.090558776923077
01031,2.090126623076923
08121,2.0883559974358974
29131,2.0879797384615384
18053,2.086382976923077
31179,2.0855686615384617
20013,2.083592646153846
17131,2.079608482051282
51165,2.0793557692307694
49037,2.0783692333333335
13105,2.07774721025641
05113,2.076948307692308
29007,2.0764167282051282
19093,2.0758072692307694
51175,2.0740747153846155
06011,2.073542353846154
31135,2.073063084615385
42107,2.0719170512820515
27087,2.0694084
42039,2.068616569230769
13279,2.068246117948718
27119,2.0667237384615382
20009,2.0663708846153845
48395,2.0663473666666667
08089,2.0632706871794873
06025,2.0632115051282054
42065,2.060756641025641
26011,2.060187305128205
29186,2.0595752564102563
22021,2.058736166666667
41045,2.058306066666667
47167,2.0579260923076923
17121,2.057482717948718
48229,2.0571745717948717
38023,2.0564525717948716
35005,2.05591168974359
29187,2.0550694512820513
36121,2.053537064102564
19077,2.052869928205128
47143,2.052783156410256
48153,2.0523918205128204
42115,2.0508578076923074
18159,2.0500230794871794
16029,2.0490168282051284
18113,2.0487938769230767
26113,2.0487051564102563
29147,2.0471328282051284
47123,2.046168605128205
48003,2.045629982051282
17073,2.045161646153846
35045,2.0408125666666663
46025,2.0370180076923075
45031,2.034712353846154
27011,2.03442711025641
35023,2.034184917948718
26157,2.0315243512820516
37181,2.029785887179487
54049,2.029193353846154
17069,2.027210707692308
24001,2.025507853846154
27043,2.0250188743589743
46055,2.024322605128205
19045,2.023222617948718
30015,2.0231474871794872
37057,2.0200240615384613
21047,2.018101466666667
28091,2.0169618025641025
37107,2.0164779948717952
46037,2.0162607666666665
20025,2.0155274615384613
26133,2.012941628205128
12007,2.0127698
45071,2.0061895666666665
20099,2.0039388641025644
31137,2.0026922641025644
21217,2.002577535897436
29137,1.997602235897436
29053,1.9966000333333334
39147,1.9957140769230768
37077,1.9947061000000001
40025,1.9943179897435896
47049,1.9929604871794873
20179,1.9929392512820512
48137,1.9919278333333335
18021,1.9905507282051285
48023,1.9904805333333333
20075,1.9901084410256409
21085,1.9877261487179487
42083,1.9854314230769232
51009,1.9850243384615385
13251,1.9844768512820514
35015,1.9816975666666667
30101,1.98042268974359
29121,1.9796784256410256
19147,1.9785887256410257
21213,1.9733966871794872
27071,1.9726811717948716
13293,1.9721489846153848
18023,1.9717464743589743
17127,1.971481887179487
17183,1.9712899794871794
20119,1.971115630769231
38025,1.9708438461538462
48065,1.9704539692307692
13277,1.9695790743589743
42123,1.9695666564102565
20035,1.9675090102564103
48345,1.9674210307692306
46005,1.9668579384615386
39141,1.9668018487179488
20095,1.9660574205128205
21207,1.9644276743589744
45075,1.9636662487179488
55001,1.9631390076923076
26135,1.9630251358974358
17003,1.960645953846154
27173,1.9598476153846154
19063,1.9587437307692308
46039,1.9577764153846153
37191,1.957658551282051
18025,1.9567468564102564
40009,1.9560598230769233
38001,1.9535852564102565
27023,1.9532683615384616
37143,1.953258623076923
42111,1.9522887846153845
05087,1.9496539871794873
48311,1.9495022615384614
48411,1.9491755743589743
17159,1.9488403076923078
20085,1.9469289307692306
30085,1.9460825589743591
39033,1.9456928923076924
41025,1.9440850461538461
47115,1.943282982051282
04009,1.942651017948718
36089,1.9388683128205129
18065,1.9387062769230767
26033,1.9377482153846153
38055,1.9375605076923075
12063,1.936135335897436
18153,1.9352991923076923
20201,1.9340567025641024
17109,1.9332461743589744
13317,1.9321140974358975
27099,1.9308549512820514
48327,1.9292971307692308
21045,1.9289497102564104
26129,1.926833241025641
08009,1.9261959871794874
27113,1.9260433923076925
35047,1.9248623666666664
55115,1.9245560512820514
18169,1.9237052
08021,1.922839705128205
19175,1.9224874538461536
18049,1.9208534846153849
29195,1.9197790307692308
13071,1.9193143410256412
16053,1.9184965307692308
45023,1.917010776923077
16073,1.9167506666666667
40023,1.915379958974359
20027,1.9148017923076923
12123,1.9140753717948717
48067,1.9126769871794873
45029,1.9123603153846154
47091,1.9116049256410257
40095,1.911580564102564
38057,1.910953464102564
20069,1.9104277923076922
13171,1.9103776923076923
30105,1.9099507435897436
26153,1.9097032692307692
29109,1.9094992384615386
35011,1.9081484512820515
31061,1.907967728205128
22125,1.9059222487179488
45085,1.9049127717948717
19173,1.9048305666666665
29009,1.9047662820512818
26095,1.9030428461538462
18077,1.9006762410256413
42051,1.9005546974358976
35033,1.900106341025641
08099,1.8945285076923075
22099,1.8929875102564102
06047,1.8910020435897434
27079,1.8905963487179487
38069,1.8879061435897437
28131,1.8870370487179486
45039,1.8839133641025643
35009,1.8829895512820514
16047,1.882244741025641
54097,1.8821382435897436
42121,1.8817825615384614
28113,1.8785525051282053
29157,1.8779424205128203
29011,1.8772175923076924
13221,1.876871928205128
29065,1.8747931025641025
47019,1.8744500358974359
26141,1.8744106743589743
37123,1.863859494871795
01109,1.860559941025641
37157,1.8596218230769233
51071,1.8591325666666667
18055,1.8591205282051282
21001,1.858044376923077
38051,1.8569638897435896
19143,1.85695091
17135,1.8555983512820513
21161,1.8513189974358972
08075,1.8512412615384615
48407,1.8511253615384617
19007,1.8506662999999999
39037,1.8496258384615385
17175,1.8460198
19087,1.8453580615384617
39117,1.8438170333333335
48387,1.8421474999999998
29207,1.8420425051282052
27153,1.840994187179487
55107,1.8408036923076923
42059,1.839607017948718
31121,1.839583446153846
51181,1.8389890948717948
22057,1.8383872666666667
13199,1.8371586871794874
27063,1.8363403974358976
18101,1.8362742692307694
42105,1.8353534205128206
18165,1.8352101846153845
31151,1.8342222358974358
36003,1.8313642974358975
42067,1.8283673666666664
26001,1.827613
46041,1.8267927948717948
13305,1.8266125307692307
29177,1.8247521897435899
48457,1.8231859410256412
27165,1.8228915846153844
48433,1.8213562615384615
05139,1.8172686564102565
38071,1.8171826384615384
29117,1.816264323076923
05129,1.8158189743589743
37083,1.8147769846153847
31007,1.808548630769231
48233,1.807173876923077
54055,1.8054642435897437
38009,1.8054560435897435
19065,1.805391617948718
48295,1.8053674461538463
29015,1.8044617923076924
51045,1.8038689871794873
17025,1.803393687179487
55065,1.8031010358974358
31161,1.8024319615384616
17153,1.8022755384615385
48465,1.8019778564102564
22097,1.8012740692307692
26083,1.8010379487179489
39143,1.8006906179487179
20205,1.7999551538461538
40135,1.7994405025641025
22037,1.7992561974358974
46059,1.7989462205128206
55057,1.7950833820512822
13075,1.795045276923077
17021,1.7945209051282052
01087,1.7920984025641025
28107,1.791382746153846
46097,1.7864085846153848
48445,1.7846147307692308
13229,1.7831393538461537
17039,1.782412305128205
05091,1.7822200564102564
48219,1.7822195615384617
21139,1.7794568384615383
27133,1.7790188743589743
51083,1.7775783384615385
26039,1.776969653846154
42005,1.7768561025641025
20197,1.7764908025641024
20041,1.7745417461538462
05063,1.7740958615384614
13163,1.7727941384615384
21223,1.7695098717948718
13301,1.7689686128205129
21143,1.7682316692307694
31173,1.7677321205128205
12059,1.7666779102564105
48115,1.7665063128205127
38013,1.7650375717948719
42033,1.7625559974358975
29093,1.7625537717948718
30023,1.7614176307692309
21197,1.760469730769231
02070,1.7604264153846152
48293,1.7579514025641025
20055,1.757131382051282
22069,1.7561991666666665
42097,1.7522637205128204
19123,1.7516620256410256
32015,1.7509345025641028
39031,1.7505905923076925
46021,1.7484978999999998
21009,1.7484385615384617
55043,1.7471382461538463
54077,1.7435814384615385
12029,1.742551453846154
40059,1.7405752794871796
29151,1.7360486948717948
21165,1.735830746153846
27029,1.73372568974359
19081,1.7335226358974358
17123,1.7324500230769233
54041,1.7302786128205128
40055,1.7257413666666668
21101,1.7252923897435897
40115,1.7247202666666668
17165,1.7245924384615385
56015,1.7243856615384614
54089,1.7234863051282052
42035,1.7223800692307691
53001,1.7221672333333333
31107,1.7217890153846152
30091,1.7213209307692308
13025,1.7179441382051281
53023,1.7172998205128205
28161,1.7172141871794873
19025,1.7167384025641026
51031,1.7155046615384617
39071,1.7146409487179488
13261,1.714409764102564
48391,1.7143712589743587
01053,1.713782846153846
20073,1.7106613461538462
40065,1.7097078230769231
12079,1.7080525717948718
12003,1.7072278512820513
21107,1.7063638769230771
02180,1.7057467102564101
22101,1.703468482051282
27033,1.7032444512820513
35037,1.7020594974358976
29089,1.7019317666666667
38039,1.701233835897436
29149,1.700929876923077
30035,1.7006472743589744
31063,1.7005659435897438
13017,1.7002579871794872
47039,1.6995489076923076
55041,1.6985565846153845
40089,1.6971366564102566
48123,1.6968241102564103
48087,1.6946587051282052
13189,1.6938533076923075
05035,1.6927223871794872
39149,1.6890010846153847
21141,1.687079158974359
39161,1.686221205128205
46071,1.6844557923076924
29123,1.6835878666666666
19171,1.682808287179487
21069,1.6823078641025642
20029,1.681812005128205
38103,1.6803503923076921
01059,1.6788477102564103
18045,1.6787670230769232
48275,1.6781750717948718
27065,1.6772972282051284
13055,1.6772390205128205
01009,1.6769514923076922
13287,1.6768711717948719
18111,1.676622012820513
17193,1.6759469282051283
48447,1.6741281743589742
17181,1.6714827923076923
31093,1.670979464102564
48077,1.6702730846153848
05065,1.6692086666666666
29215,1.6681274512820512
17137,1.6664907153846151
12133,1.6663058153846155
46105,1.6638983076923075
56045,1.6635033435897435
21221,1.662845825641026
17009,1.6626542794871795
47169,1.6588279512820514
29119,1.658132705128205
22115,1.658071941025641
51183,1.6572797102564105
21075,1.6568179666666667
48461,1.6548896512820512
31129,1.654452930769231
26057,1.6532601692307691
40007,1.6514819692307692
29145,1.648883471794872
01071,1.648161528205128
12077,1.6460882428205128
47057,1.6460032333333334
01121,1.6453987948717947
51197,1.6444989282051283
39015,1.6440461641025639
18131,1.64400121025641
21219,1.641044282051282
13069,1.6407878153846154
39013,1.6397570948717948
31131,1.639671282051282
27143,1.6389965871794872
48001,1.6385354769230769
30005,1.638230864102564
48413,1.6370510871794872
35029,1.6357757743589743
22031,1.6349992102564104
31123,1.6327073461538462
26051,1.6322774
22053,1.631605923076923
48443,1.6290683282051281
18161,1.6290481564102564
39059,1.6283981153846152
20021,1.626911123076923
22119,1.6257982871794872
40067,1.6231003358974359
22113,1.6222275897435896
20141,1.620887658974359
21065,1.6206794641025641
48165,1.619841012820513
32033,1.6176683282051283
20003,1.617379023076923
32021,1.6173636128205129
22001,1.617206058974359
31043,1.616115364102564
42057,1.6154489538461538
17059,1.6137137846153846
46095,1.6133191076923077
46045,1.611627787179487
40153,1.6116134923076924
18047,1.610620394871795
19131,1.6099171282051283
39081,1.609864353846154
18129,1.6086781102564103
21125,1.608186458974359
48305,1.6069705128205127
20137,1.6066066333333333
01039,1.6059245846153847
20043,1.6057868333333334
48175,1.6054149487179485
21023,1.6049953564102564
41049,1.6047634743589743
31067,1.6046412435897435
55037,1.6045042641025642
51159,1.6029864461538461
22041,1.602954053846154
12027,1.6002873153846153
31143,1.5994976666666667
05001,1.5994130846153847
19111,1.5989950487179487
19071,1.5956927
19109,1.5949672051282051
40045,1.5946231307692307
18087,1.594468330769231
47173,1.5944439641025643
18115,1.5915733948717947
37163,1.5911193487179487
48151,1.5906289487179488
31171,1.5899615794871795
21237,1.587724341025641
46123,1.5875355384615384
19107,1.5848381205128206
12049,1.5834533743589743
19117,1.5833789051282052
20203,1.5824514666666667
28025,1.581897382051282
31099,1.5808377692307691
39101,1.5805723923076924
30003,1.5802895128205128
45059,1.5774836846153846
28147,1.5761307435897436
28137,1.5756141564102564
20005,1.5737381512820512
39145,1.5732904051282053
01021,1.5724954615384614
20033,1.5723989794871795
01045,1.5722114769230768
31087,1.5713614128205127
01127,1.5709576461538461
39001,1.5703317153846155
28101,1.5698261666666666
21229,1.5694720666666666
29017,1.5692345666666667
39067,1.5690305564102565
17083,1.566760876923077
06031,1.566580141025641
47073,1.5647189256410257
51135,1.5642962307692307
18027,1.5641751
18075,1.5631491974358975
17171,1.5606698487179487
54027,1.5604519000000001
47029,1.5599271794871794
26131,1.5597407564102563
38029,1.5588422358974359
39053,1.557855030769231
13169,1.557659305128205
48279,1.5560310794871794
31083,1.5536153487179487
39019,1.5514637461538463
39131,1.551121676923077
35041,1.5510464589743589
27151,1.5496801153846154
17157,1.5490697205128205
51155,1.5490424410256411
29171,1.5489256666666666
13109,1.5483162205128205
17185,1.5482276153846153
29087,1.5434393974358973
51029,1.5428928384615386
39137,1.5427478820512819
40079,1.5413852076923076
05059,1.5381803666666667
42109,1.5379174512820513
51025,1.5370237692307693
18139,1.5367843974358975
37047,1.5366390384615385
42113,1.5336532615384617
42061,1.530998382051282
05121,1.5302408897435897
45027,1.5298453692307692
05037,1.529193417948718
29003,1.5290891538461537
47077,1.528542241025641
17013,1.5273585025641025
48079,1.5257789871794871
13033,1.5249390153846154
01027,1.524552717948718
56027,1.524187841025641
22077,1.5229969
48195,1.5190609025641026
17107,1.5172551384615385
13131,1.5167196769230769
48189,1.515175441025641
19039,1.5149584743589743
35025,1.5146312102564103
40127,1.5145509333333333
37033,1.5129922282051282
38045,1.5101714566666666
19023,1.509149153846154
13107,1.5084470846153846
47181,1.5083110205128205
29179,1.5057705794871794
27125,1.5040748615384614
13053,1.5031257897435897
31073,1.5021352615384616
55019,1.5002216256410255
18015,1.4994229358974358
19145,1.4991490333333333
39079,1.498808494871795
27105,1.4985906641025641
48263,1.494438743076923
01093,1.4915742666666667
45011,1.4898250692307693
40149,1.4880221564102563
48353,1.4877246666666666
48357,1.4869633641025641
37003,1.4868093333333332
18017,1.4867510846153846
22025,1.4847854802564104
46043,1.4845638897435898
51037,1.4843571871794872
29185,1.4834481794871794
30109,1.48334775
51111,1.4832582051282053
28085,1.4820791615384614
28093,1.4819274692307691
20089,1.481721817948718
27089,1.481566523076923
28009,1.480870923076923
21137,1.476809623076923
13081,1.4756724512820514
48095,1.473858845128205
48075,1.4720633282051283
21155,1.4711499589743589
28043,1.4697721256410257
21097,1.4670869
48475,1.4668106923076922
13019,1.4610951512820514
38099,1.4610652666666668
48169,1.4603865076923077
29063,1.4595223025641026
21123,1.4572384410256412
48297,1.4566148487179487
47013,1.4548235999999999
46091,1.4546833512820514
13197,1.454061158974359
20163,1.4533964128205128
51149,1.4525388794871794
26013,1.4509399333333333
28139,1.447869082051282
39065,1.446250705128205
31147,1.4453539333333332
28067,1.4445763871794872
27081,1.4441309641025641
38075,1.4427721333333334
01013,1.442521733076923
17045,1.439711282051282
17187,1.4382614641025642
51185,1.4378949307692308
20153,1.4375426974358974
29169,1.4352354897435897
30087,1.4350338512820513
01133,1.4337708333333334
40015,1.4316067435897435
40099,1.4310041179487178
55053,1.4307158102564104
17079,1.4288724666666666
48145,1.4278317076923077
17173,1.4276920333333334
29197,1.4276719051282052
29033,1.426538094871795
37017,1.4263456435897435
38019,1.425689641025641
13149,1.4249233384615385
40113,1.4235923846153846
48261,1.4219342092307692
28011,1.4216664128205128
55015,1.4214795717948718
18123,1.4206483974358974
48057,1.4202312282051281
47109,1.4200882487179487
18009,1.4181278666666666
22029,1.4177843948717948
13023,1.4171492487179487
47137,1.417127158974359
47017,1.4157461846153847
31051,1.4149571897435897
47025,1.4146289435897437
19197,1.4126974487179487
17023,1.411751505128205
02185,1.4084725282051282
48401,1.408167430769231
47023,1.4067865076923076
47131,1.4060046179487178
28127,1.4059354871794874
48341,1.4053372923076923
19115,1.403475117948718
48403,1.4026019128205127
17051,1.4000266974358975
47045,1.3998705384615384
21071,1.3993682717948717
24039,1.399306241025641
48283,1.3983834487179487
13065,1.3953392820512822
17035,1.3941128666666667
28027,1.3938584
20057,1.391449282051282
29135,1.3909728615384616
38037,1.3908202410256412
30071,1.390575064102564
28099,1.390096723076923
12047,1.3889246256410257
51173,1.3876137282051282
19133,1.3869124923076923
20105,1.386311453846154
01091,1.385717623076923
13239,1.3821680453846155
22011,1.3811935307692307
19179,1.3805894564102563
20083,1.3803867256410256
28039,1.379855646153846
29221,1.3768287282051281
13303,1.3765474282051282
01017,1.3756632717948718
22009,1.375402664102564
31023,1.3750902076923077
01057,1.3732428076923076
35059,1.3717480358974359
29069,1.3684815615384616
13267,1.3618282512820512
21091,1.3598468666666665
28103,1.3580628717948717
48253,1.354652725897436
48191,1.3527235205128205
05109,1.3522083692307694
48415,1.3510605053846154
40129,1.3509566692307693
37117,1.3489046282051282
37185,1.3487219923076923
45001,1.348683423076923
17149,1.3453238615384615
39125,1.3449073769230768
38049,1.3425686923076923
18079,1.3420719717948717
13005,1.3416061153846155
29227,1.3401448564102565
40121,1.3392222846153847
20109,1.339201958974359
29079,1.3369308666666666
38065,1.336593087179487
01061,1.3360473717948718
54057,1.3354742384615386
29085,1.3344863
21041,1.3341951435897437
40053,1.3338805333333332
22047,1.3326764692307693
46023,1.332238735897436
18149,1.332019417948718
20187,1.3317792492307692
29075,1.3315778282051283
31097,1.3298538897435896
21077,1.3292918743589743
17169,1.3286751743589742
48197,1.328454594871795
17065,1.327194853846154
21089,1.326757664102564
47121,1.3253089999999998
01023,1.3235160820512821
27101,1.3235095846153846
21099,1.3229388128205126
39105,1.3201578666666667
29163,1.3187487282051282
46049,1.3182826692307692
39047,1.3171859692307692
01047,1.316781376923077
04011,1.316257435897436
26085,1.3106860333333334
05075,1.3080293743589744
05069,1.3059060948717949
18103,1.3011548384615386
05147,1.299995753846154
48009,1.2991526512820513
21003,1.295462464102564
20165,1.29428841
28037,1.2936867974358974
22117,1.2920985435897434
21057,1.291026723076923
54067,1.2901975794871794
31091,1.2897144220512822
45089,1.2890889717948717
16061,1.287624741025641
51195,1.2872290666666668
29041,1.2868755974358974
28063,1.2846229384615384
55119,1.2843005205128206
02016,1.2837287358974359
12013,1.2824230817948719
48227,1.2824216512820514
21181,1.2787356589743588
21135,1.2768078743589744
37065,1.2762029897435898
01029,1.2747313282051282
13183,1.274176282051282
54085,1.2739509948717949
29081,1.2737176205128207
20047,1.272056676923077
01079,1.2719000307692307
01007,1.2708343358974359
01063,1.2697649666666666
19047,1.269582112820513
13027,1.2671649974358974
37079,1.2663166133333332
17057,1.2661604487179487
48437,1.2657432307692307
47127,1.263581141025641
18155,1.2622681256410255
29111,1.2617330025641025
05149,1.2614091205128206
38063,1.2604898946153846
28159,1.259601469230769
38041,1.2592412538461537
28023,1.2588016684615384
54099,1.2519442974358974
21115,1.2503395256410257
20081,1.2495569256410257
17061,1.247038253846154
42053,1.2463375692307692
05027,1.2453519897435898
01085,1.2450889256410256
27073,1.2418161948717947
51143,1.2399533999999999
45067,1.2396680769230768
51021,1.2373485282051282
40141,1.236892265897436
05093,1.2363316307692307
20053,1.2329084717948717
29125,1.2289632582051282
28151,1.2288203743589743
31085,1.2278338535897435
39127,1.2274835846153846
48383,1.224247476923077
21149,1.223360475897436
05061,1.2202571025641025
37165,1.2193924179487179
22111,1.2188154256410255
13125,1.2179646574358973
40069,1.2172488230769232
48017,1.215565558974359
37153,1.2149620282051283
48323,1.213683023076923
05103,1.211020317948718
18121,1.2105451564102565
40057,1.2100437102564103
45025,1.2061612487179487
20001,1.2037804974358974
28031,1.2033577307692307
47151,1.2027471923076922
37073,1.2008633451282051
48239,1.1998623615384616
13049,1.1985339923076923
45017,1.196452858974359
30051,1.1959233205128206
17087,1.194436487179487
54045,1.1936144512820515
21055,1.188136276923077
13235,1.1867870743589743
40107,1.1829678107692307
13213,1.1820046307692307
20067,1.1816055666666667
47027,1.1775065238461537
30103,1.1749719766666666
51035,1.1744337307692307
21195,1.1732859666666666
46089,1.1728610225641027
21177,1.1724635420512821
47069,1.1723247384615385
48273,1.171978717948718
51167,1.171123546153846
54087,1.1709818692307692
31125,1.1690915192307691
51105,1.167610737948718
01019,1.1675664692307692
22093,1.1672912820512822
29035,1.1665222897435898
13007,1.166488771794872
54053,1.1657731405128204
05047,1.165635294871795
31069,1.1632031897435897
40105,1.1623758076923076
21033,1.158238723076923
28019,1.1577657992307693
22083,1.1574234974358975
28141,1.1549823964102564
54013,1.1444580307692307
40139,1.1376200923076922
20189,1.1349911666666666
26071,1.1345780615384615
05017,1.1331180317948717
18125,1.1330392166666665
19135,1.1315908358974358
45009,1.1314539089743592
45021,1.1301261153846154
46009,1.1296217451282051
19009,1.128939622051282
13269,1.1287747417948717
47175,1.1278647753846154
48301,1.1202253897435897
48343,1.119006946153846
29143,1.1180865153846153
20145,1.1169401925641027
16063,1.1151807317948719
51049,1.114243921025641
29133,1.1134185641025642
22081,1.112084853076923
48105,1.109197884102564
20071,1.1072166225641025
20195,1.106007053076923
21183,1.104822
28083,1.103840105128205
05003,1.1026079538461537
01005,1.1025214953846154
17125,1.0984929258974359
37187,1.0978582887179489
05107,1.097105278205128
01035,1.0970019458974358
40133,1.0923332684615386
29173,1.0906273
37015,1.08890473
38073,1.0867855669230768
20135,1.085575645897436
21031,1.082750394102564
13249,1.0814457820512822
01025,1.081266377948718
21201,1.0803455317948718
37131,1.0789367605128204
28017,1.078048612051282
13161,1.076858782051282
20175,1.0764133630769233
02013,1.0758133748717948
28117,1.072864187179487
48487,1.069895035897436
45049,1.069493716153846
35031,1.0690010912820513
45061,1.0673140582051281
40029,1.0657063607692308
40003,1.0647289992307691
13165,1.0638082112820513
20207,1.059502414102564
28029,1.0550971164102565
48495,1.054796098974359
40005,1.0535140787179487
20093,1.0530765233333332
05053,1.05274335025641
40011,1.0519957387179486
37155,1.048912304102564
05083,1.04837993
54063,1.0479482407692307
21011,1.0451752769230769
31057,1.0451053605128204
48025,1.04469992
51169,1.0430894274358973
01131,1.041797344871795
13205,1.0397451828205129
37061,1.0395785982051282
40077,1.0366235994871795
48117,1.0358030871794872
13099,1.034967561025641
01099,1.0320896861538462
51163,1.0308897687179486
22039,1.0304574076923079
19035,1.0277883917948718
47111,1.0272471156410257
35006,1.0269837323076922
38083,1.026910442051282
22027,1.0251203317948718
38095,1.025029254871795
12067,1.024209504871795
05011,1.0240873415384617
22085,1.0237843523076924
29223,1.0208912666666667
28115,1.0189119074358974
31037,1.0165283982051283
12125,1.0146364694871794
40075,1.013444825128205
22043,1.0131066133333333
22013,1.0116032402564104
46003,1.0079303343589743
01041,1.0070835446153845
22049,1.0047705900000001
48271,1.004035641025641
21013,1.0010948661538461
17101,1.0004966435897436
37007,1.0002748228205127
40061,0.9998754889743591
45087,0.9997693492307692
01065,0.9981254792307692
47083,0.9959116648717949
48405,0.9958628517948719
01119,0.9956470302564102
17145,0.9955288994871796
46109,0.9913565233333335
18171,0.9893677107692307
28057,0.9892105125641026
21225,0.9868010958974358
39121,0.9844464825641026
13201,0.9816618235897436
28157,0.9813416797435898
54051,0.9774732264102565
13253,0.9731377912820514
17191,0.9713790551282051
48393,0.9695108617948717
28143,0.9670515061538462
21127,0.9637811012820513
48335,0.9604437602564102
48103,0.9589912161538462
13091,0.9575188853846154
28097,0.9549438397435898
47007,0.9534880776923077
39163,0.953295668974359
21169,0.9508236751282052
40063,0.9449445766666665
05057,0.9434183394871795
13273,0.9426836928205128
47075,0.9425967835897435
13141,0.9417297200000001
05111,0.9410514835897436
31005,0.9390373641025641
35019,0.9366304782051282
48107,0.9347173171794873
22059,0.9287074397435898
21171,0.928509814871795
19159,0.9281138405128205
28015,0.9275800307692308
20039,0.9215492920512821
28061,0.9168618261538461
13283,0.916482927948718
01129,0.9161506774358975
01011,0.9151385412820512
47067,0.9100786817948718
22067,0.9096265317948717
28125,0.9063546599999999
28013,0.9053354346153847
54023,0.9023223582051282
46085,0.8989276538461538
48389,0.8973830876923077
40001,0.897232813076923
38087,0.8966757205128204
28051,0.8929951602564102
05133,0.8919424333333333
21087,0.8909109369230769
37091,0.8908747133333333
37103,0.8908299492307693
54095,0.8897377571794871
54091,0.8893447800000001
38081,0.8844470664102564
51053,0.8797429823076924
28095,0.8784266966666666
48131,0.8701649664102564
17017,0.8682409271794871
05095,0.8680164815384617
28007,0.8664183928205128
42023,0.86287443
46069,0.8619782502564102
05073,0.8597718712820512
28079,0.8548358617948717
01075,0.8542493764102564
13173,0.8524682643589744
54009,0.8514754256410256
28053,0.8504633182051282
22003,0.849006697948718
21121,0.8454601146153846
54001,0.8446917687179487
13001,0.8445239766666668
08011,0.8444605584615383
13193,0.8414245364102564
21231,0.83988631
21193,0.8385735705128204
48109,0.8382072956410257
05081,0.8337405161538461
48163,0.8279562694871796
13263,0.8263430741025641
12043,0.8261867282051282
45033,0.8256111464102565
28119,0.821032747948718
05041,0.81669182
21233,0.8162175264102565
05099,0.8156771107692308
54015,0.814573561025641
29181,0.8143384941025641
13321,0.8102591741025641
08025,0.8096954625641026
05025,0.8094912948717948
17151,0.8094852112820513
48173,0.8088020802564103
48501,0.8078784105128205
54059,0.8054618989743589
28163,0.8046480202564102
38047,0.8040443179487179
13003,0.8013641333333333
38005,0.8010785615384615
39111,0.8001039215384615
38085,0.7998289030769231
13011,0.7993836353846154
47097,0.7977421764102564
16033,0.7970271471794872
29155,0.7934018053846155
21043,0.7882913943589743
54043,0.7868327176923077
21133,0.7865870510256411
05117,0.7851237797435897
05043,0.7844830056410256
21203,0.7843419256410257
39115,0.781162137948718
21025,0.7776185164102564
13155,0.7775729664102564
48421,0.7708676982051282
48247,0.7657430771794872
47129,0.7642600128205128
48249,0.7634605164102565
13061,0.7594200028205128
13259,0.7573855146153846
21187,0.7569969041025641
02050,0.7501382923076922
21095,0.7487366592307693
54073,0.748439671025641
48069,0.7481625805128205
29129,0.7462367553846153
51600,0.742869836923077
45005,0.7341535428205128
28155,0.7313138312820513
54007,0.7296584738461538
29045,0.723370224102564
22127,0.7224589294871795
13315,0.7207038415384616
40033,0.7197604946153847
31015,0.7195310664102564
13309,0.7190415141025641
22091,0.7180122766666667
13167,0.7177447556410257
22007,0.7166110153846154
47095,0.7137391674358974
21007,0.7134758184615385
28123,0.7125807630769231
05021,0.7107912607692308
48489,0.7060387715384616
48351,0.7051737292307693
21159,0.7049510951282051
28133,0.7014842194871794
01105,0.6996518594871795
21105,0.6987834846153846
51051,0.6984874761538462
21129,0.6964706638461539
48207,0.694977517948718
48127,0.6949007387179488
28065,0.6938892041025642
01107,0.6918399707692308
17047,0.6880942571794871
29211,0.6867808894871795
05077,0.6797602220512821
28153,0.674108638974359
21109,0.665887677948718
13243,0.6593602574358974
05067,0.6587488266666667
01037,0.6533296141025641
51027,0.6525422276923077
45069,0.6495710412820512
13093,0.645303166923077
54017,0.6447568146153846
28129,0.6434616897435897
05127,0.643343928974359
37177,0.642545123076923
17071,0.6402585828205128
22123,0.6362112015384616
28077,0.6322706048717949
46121,0.6320244961538461
54047,0.6317959035897436
22023,0.62102759
21119,0.6144601861538462
21061,0.6132016323076923
30011,0.6073259743589744
05123,0.603773793076923
28111,0.5970160517948718
13271,0.5918060958974359
54105,0.5888958074358974
31167,0.5795621682051282
55078,0.5743902115384615
54021,0.5701586051282052
13209,0.5688586805128205
28005,0.5560534748717948
21147,0.5548019453846154
22065,0.5543294369230769
13307,0.5467052641025641
22035,0.5448822874358975
21175,0.5423969420512821
13079,0.5423746387179487
38079,0.5415107825641026
13037,0.5340488330769231
46007,0.5293012661538462
48505,0.5287198725641026
48427,0.5278667861538462
46017,0.5274353251282051
45081,0.5261961425641025
21053,0.523904221025641
05039,0.5238163397435898
21051,0.5191085228205129
28021,0.5109382835897436
31077,0.5058294715384616
31165,0.49357608923076923
48507,0.49002531974358976
54005,0.48919825538461537
31115,0.48527510487179487
48205,0.4766170892307693
48033,0.47609316025641024
54101,0.4655937392307692
21131,0.46408829256410256
21235,0.46287839487179483
31183,0.45972901589743587
28069,0.4465284792307692
54109,0.44616666487179485
02188,0.44012068025641027
13265,0.43823983051282056
28135,0.43752435564102565
05013,0.4149086058974359
48047,0.4115553525641026
21153,0.40386225794871794
28041,0.376389282051282
21189,0.3749622605128205
21063,0.3631287294871795
46031,0.3590967533333333
51685,0.3449570669230769
31009,0.33113503666666666
05079,0.32851602512820516
46137,0.3138564605128205
29067,0.20746584820512817
51081,0.16432743
13101,0.07322704451282051
28055,0.06384645405128204
